00, ,>,01
01, ,0,02 #вывод начального 0
02,0,<,02
02, ,<,03
03,9,<,03
03,0,<,03
03,8,-,80
03,7,-,70
03,6,-,60
03,5,-,50
03,4,-,40
03,3,-,30
03,2,-,20
03,1,-,10
03, ,>,04 #конец числа
04,9,>,04
04,8,>,04
04,7,>,04
04,6,>,04
04,5,>,04
04,4,>,04
04,3,>,04
04,2,>,04
04,1,>,04
04,0,>,04
04, ,>,05
05, ,>,05
05,0,t,06 #вывод результата
05,1,f,06
05,2,f,06
05,3,f,06
05,4,f,06
05,5,f,06
05,6,f,06
05,7,f,06
05,8,f,06
06,t,>,06 #конец программы
06,f,>,06
06, ,#,06 
80,-,>,80 #обработка 8
80,9,>,80
80,8,>,80
80,7,>,80
80,6,>,80
80,5,>,80
80,4,>,80
80,3,>,80
80,2,>,80
80,1,>,80
80,0,>,80
80, ,>,81
81,0,8,82
81,1,0,82
81,2,1,82
81,3,2,82
81,4,3,82
81,5,4,82
81,6,5,82
81,7,6,82
81,8,7,82
82,9,<,82
82,8,<,82
82,7,<,82
82,6,<,82
82,5,<,82
82,4,<,82
82,3,<,82
82,2,<,82
82,1,<,82
82,0,<,82
82, ,<,82
82,-,8,83
83,8,<,03
70,-,>,70 #обработка 7
70,9,>,70
70,8,>,70
70,7,>,70
70,6,>,70
70,5,>,70
70,4,>,70
70,3,>,70
70,2,>,70
70,1,>,70
70,0,>,70
70, ,>,71
71,0,7,72
71,1,8,72
71,2,0,72
71,3,1,72
71,4,2,72
71,5,3,72
71,6,4,72
71,7,5,72
71,8,6,72
72,9,<,72
72,8,<,72
72,7,<,72
72,6,<,72
72,5,<,72
72,4,<,72
72,3,<,72
72,2,<,72
72,1,<,72
72,0,<,72
72, ,<,72
72,-,7,73
73,7,<,03
60,-,>,60 #обработка 6
60,9,>,60
60,8,>,60
60,7,>,60
60,6,>,60
60,5,>,60
60,4,>,60
60,3,>,60
60,2,>,60
60,1,>,60
60,0,>,60
60, ,>,61
61,0,6,62
61,1,7,62
61,2,8,62
61,3,0,62
61,4,1,62
61,5,2,62
61,6,3,62
61,7,4,62
61,8,5,62
62,9,<,62
62,8,<,62
62,7,<,62
62,6,<,62
62,5,<,62
62,4,<,62
62,3,<,62
62,2,<,62
62,1,<,62
62,0,<,62
62, ,<,62
62,-,6,63
63,6,<,03
50,-,>,50 #обработка 5
50,9,>,50
50,8,>,50
50,7,>,50
50,6,>,50
50,5,>,50
50,4,>,50
50,3,>,50
50,2,>,50
50,1,>,50
50,0,>,50
50, ,>,51
51,0,5,52
51,1,6,52
51,2,7,52
51,3,8,52
51,4,0,52
51,5,1,52
51,6,2,52
51,7,3,52
51,8,4,52
52,9,<,52
52,8,<,52
52,7,<,52
52,6,<,52
52,5,<,52
52,4,<,52
52,3,<,52
52,2,<,52
52,1,<,52
52,0,<,52
52, ,<,52
52,-,5,53
53,5,<,03
40,-,>,40 #обработка 4
40,9,>,40
40,8,>,40
40,7,>,40
40,6,>,40
40,5,>,40
40,4,>,40
40,3,>,40
40,2,>,40
40,1,>,40
40,0,>,40
40, ,>,41
41,0,4,42
41,1,5,42
41,2,6,42
41,3,7,42
41,4,8,42
41,5,0,42
41,6,1,42
41,7,2,42
41,8,3,42
42,9,<,42
42,8,<,42
42,7,<,42
42,6,<,42
42,5,<,42
42,4,<,42
42,3,<,42
42,2,<,42
42,1,<,42
42,0,<,42
42, ,<,42
42,-,4,43
43,4,<,03
30,-,>,30 #обработка 3
30,9,>,30
30,8,>,30
30,7,>,30
30,6,>,30
30,5,>,30
30,4,>,30
30,3,>,30
30,2,>,30
30,1,>,30
30,0,>,30
30, ,>,31
31,0,3,32
31,1,4,32
31,2,5,32
31,3,6,32
31,4,7,32
31,5,8,32
31,6,0,32
31,7,1,32
31,8,2,32
32,9,<,32
32,8,<,32
32,7,<,32
32,6,<,32
32,5,<,32
32,4,<,32
32,3,<,32
32,2,<,32
32,1,<,32
32,0,<,32
32, ,<,32
32,-,3,33
33,3,<,03
20,-,>,20 #обработка 2
20,9,>,20
20,8,>,20
20,7,>,20
20,6,>,20
20,5,>,20
20,4,>,20
20,3,>,20
20,2,>,20
20,1,>,20
20,0,>,20
20, ,>,21
21,0,2,22
21,1,3,22
21,2,4,22
21,3,5,22
21,4,6,22
21,5,7,22
21,6,8,22
21,7,0,22
21,8,1,22
22,9,<,22
22,8,<,22
22,7,<,22
22,6,<,22
22,5,<,22
22,4,<,22
22,3,<,22
22,2,<,22
22,1,<,22
22,0,<,22
22, ,<,22
22,-,2,23
23,2,<,03
10,-,>,10 #обработка 1
10,9,>,10
10,8,>,10
10,7,>,10
10,6,>,10
10,5,>,10
10,4,>,10
10,3,>,10
10,2,>,10
10,1,>,10
10,0,>,10
10, ,>,11
11,0,1,12
11,1,2,12
11,2,3,12
11,3,4,12
11,4,5,12
11,5,6,12
11,6,7,12
11,7,8,12
11,8,0,12
12,9,<,12
12,8,<,12
12,7,<,12
12,6,<,12
12,5,<,12
12,4,<,12
12,3,<,12
12,2,<,12
12,1,<,12
12,0,<,12
12, ,<,12
12,-,1,13
13,1,<,03
