00, ,>,01
01, ,0,02 #вывод начального 0
02,0,<,02
02, ,<,03
03,9,<,03
03,0,<,03
03,8,a,20
03,7,a,10
03,6,<,03
03,5,b,20
03,4,b,10
03,3,<,03
03,2,c,20
03,1,c,10
03, ,>,04 #конец числа
04,9,>,04
04,8,>,04
04,7,>,04
04,6,>,04
04,5,>,04
04,4,>,04
04,3,>,04
04,2,>,04
04,1,>,04
04,0,>,04
04, ,>,05
05, ,>,05
05,0,t,06 #вывод результата
05,1,f,06
05,2,f,06
06,t,>,06 #конец программы
06,f,>,06
06, ,#,06 
20,a,>,20 #обработка 2
20,b,>,20
20,c,>,20  
20,9,>,20
20,8,>,20
20,7,>,20
20,6,>,20
20,5,>,20
20,4,>,20
20,3,>,20
20,2,>,20
20,1,>,20
20,0,>,20
20, ,>,21
21,0,2,22
21,1,0,22
21,2,1,22
22,9,<,22
22,8,<,22
22,7,<,22
22,6,<,22
22,5,<,22
22,4,<,22
22,3,<,22
22,2,<,22
22,1,<,22
22,0,<,22
22, ,<,22
22,a,8,23
22,b,5,23
22,c,2,23
23,2,<,03
23,5,<,03
23,8,<,03
10,a,>,10 #обработка 1
10,b,>,10
10,c,>,10
10,9,>,10
10,8,>,10
10,7,>,10
10,6,>,10
10,5,>,10
10,4,>,10
10,3,>,10
10,2,>,10
10,1,>,10
10,0,>,10
10, ,>,11
11,0,1,12
11,1,2,12
11,2,0,12
12,9,<,12
12,8,<,12
12,7,<,12
12,6,<,12
12,5,<,12
12,4,<,12
12,3,<,12
12,2,<,12
12,1,<,12
12,0,<,12
12, ,<,12
12,a,7,13
12,b,4,13
12,c,1,13
13,1,<,03
13,4,<,03
13,7,<,03
